994115123827617796
993906506604208132
993886982278393860
993581624737648644
992693191664177156
992685740420190212
992029121948651524
992029049395478532
992029020421328901
992029000011796484
992028991660937222
992028976427266053
996791286354018310
997002868266647557
997055640794255364
997401903372931076
997399692635004934
997398884962926596
997398705467740165
997397382143860741
998616552613269508
998607979833430022
998600410171658246
1000982276451262468
1001047090011824132
1001046627577225220
1001046616961355780
1001172209971482629
1002601013998583818
1004090669772820484
1004397517507833866
1004397426122379268
1004397343448420356
1004396311662223364
1004395951639887882
1006150588818653189
1009125820567351301
1009192225451008004
1009192201535049732
1009192158866432010
1009881645887848452
1009861415115612164
1011881156579594244
1024385085531975684
